offset	total	subst	del	ins
0	456120	0	0	0	
1	456120	0	0	0	
2	456120	0	0	0	
3	456120	0	0	0	
4	456120	21	0	0	
5	456120	15	0	0	
6	456120	18	1	0	
7	456120	20	2	0	
8	456120	12	179	8	
9	456120	28	152	11	
10	456120	17	156	6	
11	456120	15	187	16	
12	456120	26	124	10	
13	456120	24	130	5	
14	456120	29	130	11	
15	456120	21	111	4	
16	456120	21	95	7	
17	456120	17	104	8	
18	456120	22	98	13	
19	456120	16	92	28	
20	456120	18	138	32	
21	456120	24	117	54	
22	456120	28	138	74	
23	456120	32	125	78	
24	456120	33	162	81	
25	456120	32	137	83	
26	456120	47	146	99	
27	456120	30	157	106	
28	456120	43	158	121	
29	456120	45	145	99	
30	455866	49	164	127	
31	455606	51	139	106	
32	455361	46	157	110	
33	455071	54	160	108	
34	454780	45	155	96	
35	454523	54	147	105	
36	454228	50	149	84	
37	453974	50	161	114	
38	453665	46	143	117	
39	453352	40	154	118	
40	453061	40	147	118	
41	452816	65	133	101	
42	452527	45	168	88	
43	452257	47	153	91	
44	452001	39	162	107	
45	451689	48	153	93	
46	451394	69	164	93	
47	451123	51	127	85	
48	450824	42	139	69	
49	450535	51	126	100	
50	450273	44	153	92	
51	449965	46	165	97	
52	449660	51	136	114	
53	449379	55	135	77	
54	449062	42	132	86	
55	448772	37	148	85	
56	448497	29	151	83	
57	448188	38	135	71	
58	447915	47	123	80	
59	447601	42	132	90	
60	447303	39	137	88	
61	447020	40	139	79	
62	446682	38	123	84	
63	446373	39	115	73	
64	446039	30	119	94	
65	445755	28	148	69	
66	445487	30	131	79	
67	445180	31	152	73	
68	444885	41	142	67	
69	444581	26	122	65	
70	444262	30	134	43	
71	443946	25	135	74	
72	443657	32	125	68	
73	443350	41	133	68	
74	443044	31	123	49	
75	442754	27	101	65	
76	442451	29	134	63	
77	442130	30	138	69	
78	441803	27	121	73	
79	441504	31	121	63	
80	441176	27	113	75	
81	440872	21	98	68	
82	440566	32	126	51	
83	440235	36	112	61	
84	439924	29	95	73	
85	439590	30	113	57	
86	439239	17	125	55	
87	438917	32	125	54	
88	438550	34	122	48	
89	438206	36	123	53	
90	437910	25	114	42	
91	437583	34	123	62	
92	437271	17	132	44	
93	436938	22	107	51	
94	436595	34	103	62	
95	436259	22	136	32	
96	435936	26	135	47	
97	435582	24	118	44	
98	435253	30	133	50	
99	434881	33	125	53	
100	434516	32	133	46	
101	434136	27	120	60	
102	433784	29	119	47	
103	433444	22	119	51	
104	433104	33	90	52	
105	432743	24	122	40	
106	432399	24	123	52	
107	432059	16	119	49	
108	431691	16	96	47	
109	431348	27	114	50	
110	430981	21	105	55	
111	430613	21	91	37	
112	430263	20	123	45	
113	429848	18	105	52	
114	429474	31	101	49	
115	429093	15	102	51	
116	428724	19	101	45	
117	428307	25	124	46	
118	427908	24	110	42	
119	427546	19	104	55	
120	427121	29	107	40	
121	426702	20	107	52	
122	426286	17	106	54	
123	425903	29	111	36	
124	425495	23	114	47	
125	425098	14	116	59	
126	424701	26	93	35	
127	424290	15	111	44	
128	423837	29	120	51	
129	423446	19	118	48	
130	423014	19	123	51	
131	422613	18	80	47	
132	422187	16	101	50	
133	421738	22	103	39	
134	421278	22	113	43	
135	420891	12	108	59	
136	420436	11	97	44	
137	420006	16	116	42	
138	419589	12	118	42	
139	419173	15	86	45	
140	418736	23	119	46	
141	418280	24	106	47	
142	417836	18	109	41	
143	417404	16	122	34	
144	416965	15	95	46	
145	416480	14	102	52	
146	416004	18	107	34	
147	415511	24	110	37	
148	415061	11	95	42	
149	414593	18	98	38	
150	414128	20	98	37	
151	413648	30	98	45	
152	413180	17	101	42	
153	412720	18	116	46	
154	412257	22	124	29	
155	411753	27	118	34	
156	411297	18	113	39	
157	410840	16	106	48	
158	410402	21	126	43	
159	409887	24	116	35	
160	409343	22	111	43	
161	408886	14	112	33	
162	408407	20	94	32	
163	407924	19	110	37	
164	407403	18	89	37	
165	406918	18	85	29	
166	406453	31	117	39	
167	405910	23	106	39	
168	405398	17	99	43	
169	404904	15	109	48	
170	404429	23	100	30	
171	403904	29	105	42	
172	403393	20	98	43	
173	402895	17	83	37	
174	402414	19	100	24	
175	401906	15	93	39	
176	401408	26	94	44	
177	400888	14	111	34	
178	400403	14	107	36	
179	399872	22	116	34	
180	399353	11	95	34	
181	398840	14	95	43	
182	398299	19	92	43	
183	397766	13	103	45	
184	397277	22	110	38	
185	396731	14	85	32	
186	396221	17	103	30	
187	395670	22	108	27	
188	395124	11	111	39	
189	394597	9	99	44	
190	394079	17	99	32	
191	393521	15	121	39	
192	392987	14	121	40	
193	392411	18	100	35	
194	391871	13	111	45	
195	391346	19	94	44	
196	390805	24	115	30	
197	390267	15	98	38	
198	389699	18	108	32	
199	389122	24	81	37	
200	388543	15	102	27	
201	387936	14	110	27	
202	387341	9	97	31	
203	386763	14	97	33	
204	386198	14	103	32	
205	385628	13	101	33	
206	385072	14	101	25	
207	384524	15	92	39	
208	383973	10	114	30	
209	383371	14	116	37	
210	382818	9	92	33	
211	382235	14	92	24	
212	381645	13	108	26	
213	381098	13	97	23	
214	380502	9	91	34	
215	379892	29	107	23	
216	379345	13	111	27	
217	378756	14	99	24	
218	378124	11	123	36	
219	377543	12	94	27	
220	376912	16	97	36	
221	376306	13	115	29	
222	375701	13	105	32	
223	375097	12	102	30	
224	374462	19	93	32	
225	373873	14	84	29	
226	373237	13	82	30	
227	372624	12	105	37	
228	372026	13	87	38	
229	371403	16	104	32	
230	370752	16	87	28	
231	370108	9	86	42	
232	369448	17	96	34	
233	368857	9	86	37	
234	368179	19	97	17	
235	367492	23	96	32	
236	366815	16	86	28	
237	366192	13	101	31	
238	365549	17	91	35	
239	364882	17	96	34	
240	364214	19	102	24	
241	363525	17	92	30	
242	362867	13	89	39	
243	362199	8	112	31	
244	361500	12	89	33	
245	360755	19	106	30	
246	360079	19	80	25	
247	359374	10	107	24	
248	358658	21	87	22	
249	357944	10	90	37	
250	357242	15	78	32	
251	356563	20	109	30	
252	355886	12	71	40	
253	355155	9	106	32	
254	354462	18	85	39	
255	353746	11	76	39	
256	353025	12	84	29	
257	352323	16	82	35	
258	351632	14	94	32	
259	350921	13	93	43	
260	350198	16	90	23	
261	349471	13	77	24	
262	348726	13	92	37	
263	347994	11	99	28	
264	347288	8	90	27	
265	346579	12	81	28	
266	345865	13	66	27	
267	345138	15	103	26	
268	344448	13	97	25	
269	343740	13	85	38	
270	343009	13	70	27	
271	342242	17	90	25	
272	341495	15	102	24	
273	340750	18	91	39	
274	340028	17	75	34	
275	339358	14	80	36	
276	338645	21	75	36	
277	337944	11	83	32	
278	337213	17	83	43	
279	336459	14	74	20	
280	335703	19	81	24	
281	334992	14	76	34	
282	334282	17	88	30	
283	333599	13	86	33	
284	332847	11	76	24	
285	332077	23	74	34	
286	331327	15	74	27	
287	330567	14	93	31	
288	329779	18	99	27	
289	328969	7	76	26	
290	328173	19	94	27	
291	327432	13	89	33	
292	326636	11	101	29	
293	325885	14	78	28	
294	325137	8	84	22	
295	324335	13	73	32	
296	323541	15	92	31	
297	322752	12	102	31	
298	321972	8	88	37	
299	321215	16	82	33	
300	320416	14	69	30	
301	319577	13	83	30	
302	318749	13	62	24	
303	317921	15	74	32	
304	317066	13	78	43	
305	316204	13	88	27	
306	315363	14	78	25	
307	314534	12	70	20	
308	313701	9	73	34	
309	312856	21	84	27	
310	312005	15	90	27	
311	311137	19	84	30	
312	310298	16	84	24	
313	309403	14	84	25	
314	308556	18	53	28	
315	307658	18	72	31	
316	306776	19	90	35	
317	305858	10	84	34	
318	304984	14	88	24	
319	304071	13	79	25	
320	303179	10	73	29	
321	302316	13	77	26	
322	301378	13	79	31	
323	300431	14	79	24	
324	299497	16	72	28	
325	298534	18	69	31	
326	297620	15	62	22	
327	296607	13	55	28	
328	295664	23	79	24	
329	294683	20	73	33	
330	293681	6	75	29	
331	292676	12	75	32	
332	291717	8	82	21	
333	290718	16	73	27	
334	289678	15	54	28	
335	288659	17	81	22	
336	287691	15	84	33	
337	286665	16	55	32	
338	285630	12	74	35	
339	284537	15	76	32	
340	283456	14	69	25	
341	282439	15	73	27	
342	281337	12	80	25	
343	280228	17	93	23	
344	279109	11	65	31	
345	277953	13	49	28	
346	276839	18	79	30	
347	275676	13	71	26	
348	274425	14	62	29	
349	273253	13	60	43	
350	272010	15	73	29	
351	270816	23	82	28	
352	269578	14	75	22	
353	268399	18	61	25	
354	267208	8	60	22	
355	265892	9	63	29	
356	264538	15	65	19	
357	263149	9	59	33	
358	261776	14	70	18	
359	260316	13	53	26	
360	258774	18	71	34	
361	257272	13	57	16	
362	255697	13	55	30	
363	254069	13	50	24	
364	252412	6	56	19	
365	250731	16	39	20	
366	248882	12	46	25	
367	246940	11	58	17	
368	244982	11	64	11	
369	242888	12	59	22	
370	240619	10	46	16	
371	238304	10	46	24	
372	235900	7	39	17	
373	233314	11	47	21	
374	230582	4	43	18	
375	227635	15	56	19	
376	224448	7	39	15	
377	221080	9	43	8	
378	217604	7	42	24	
379	213908	9	37	17	
380	209919	8	25	3	
381	205796	8	34	9	
382	201407	4	32	9	
383	196901	8	24	16	
384	192103	4	36	5	
385	187116	7	19	14	
386	181925	5	15	11	
387	176598	5	22	5	
388	171053	5	27	8	
389	165505	7	12	6	
390	159924	2	19	7	
391	154225	3	15	5	
392	148495	1	18	4	
393	142730	7	25	8	
394	136996	1	9	5	
395	131287	1	11	5	
396	125648	3	7	5	
397	119930	2	12	2	
398	114262	2	11	4	
399	108703	3	8	3	
400	103316	3	10	1	
401	97985	3	6	3	
402	92922	1	8	3	
403	87799	0	9	1	
404	82821	2	6	1	
405	77977	0	6	1	
406	73237	2	4	1	
407	68735	3	5	2	
408	64196	0	3	1	
409	59981	1	2	0	
410	55922	2	1	1	
411	52025	1	2	3	
412	48206	0	1	1	
413	44378	1	2	0	
414	40854	0	1	0	
415	37478	0	2	1	
416	34289	0	0	1	
417	31165	0	1	0	
418	28223	0	2	0	
419	25390	0	0	0	
420	22811	0	2	0	
421	20352	0	2	0	
422	17985	0	1	0	
423	15833	0	0	0	
424	13859	0	1	0	
425	12072	1	1	0	
426	10357	0	1	0	
427	8830	0	0	0	
428	7471	0	0	0	
429	6311	0	0	0	
430	5271	0	0	0	
431	4346	0	0	0	
432	3582	0	0	0	
433	2908	0	0	0	
434	2355	0	0	0	
435	1882	0	0	0	
436	1478	0	0	1	
437	1179	0	0	0	
438	929	0	0	0	
439	728	0	0	0	
440	571	0	0	0	
441	441	0	0	0	
442	348	0	0	0	
443	277	0	0	0	
444	216	0	0	0	
445	172	0	0	0	
446	137	0	0	0	
447	108	0	0	0	
448	91	0	0	0	
449	78	0	0	0	
450	68	0	0	0	
451	60	0	0	0	
452	48	0	0	0	
453	46	0	0	0	
454	42	0	0	0	
455	41	0	0	0	
456	39	0	0	0	
457	39	0	0	0	
458	36	0	0	0	
459	33	0	0	0	
460	32	0	0	0	
461	32	0	0	0	
462	31	0	0	0	
463	31	0	0	0	
464	28	0	0	0	
465	25	0	0	0	
466	25	0	0	0	
467	25	0	0	0	
468	23	0	0	0	
469	21	0	0	0	
470	21	0	0	0	
471	18	0	0	0	
472	16	0	0	0	
473	16	0	0	0	
474	15	0	0	0	
475	14	0	0	0	
476	14	0	0	0	
477	14	0	0	0	
478	12	0	0	0	
479	12	0	0	0	
480	12	0	0	0	
481	11	0	0	0	
482	10	0	0	0	
483	9	0	0	0	
484	9	0	0	0	
485	9	0	0	0	
486	9	0	0	0	
487	8	0	0	0	
488	8	0	0	0	
489	7	0	0	0	
490	7	0	0	0	
491	7	0	0	0	
492	7	0	0	0	
493	7	0	0	0	
494	7	0	0	0	
495	6	0	0	0	
496	6	0	0	0	
497	6	0	0	0	
498	6	0	0	0	
499	6	0	0	0	
500	6	0	0	0	
501	6	0	0	0	
502	6	0	0	0	
503	6	0	0	0	
504	6	0	0	0	
505	6	0	0	0	
506	6	0	0	0	
507	6	0	0	0	
508	6	0	0	0	
509	6	0	0	0	
510	6	0	0	0	
511	6	0	0	0	
512	5	0	0	0	
513	5	0	0	0	
514	5	0	0	0	
515	4	0	0	0	
516	3	0	0	0	
517	3	0	0	0	
518	3	0	0	0	
519	3	0	0	0	
520	3	0	0	0	
521	3	0	0	0	
522	3	0	0	0	
523	3	0	0	0	
524	2	0	0	0	
525	2	0	0	0	
526	2	0	0	0	
527	2	0	0	0	
528	2	0	0	0	
529	2	0	0	0	
530	2	0	0	0	
531	2	0	0	0	
532	2	0	0	0	
533	2	0	0	0	
534	2	0	0	0	
535	2	0	0	0	
536	2	0	0	0	
537	2	0	0	0	
538	2	0	0	0	
539	2	0	0	0	
540	2	0	0	0	
541	2	0	0	0	
542	2	0	0	0	
543	2	0	0	0	
544	2	0	0	0	
545	2	0	0	0	
546	2	0	0	0	
547	2	0	0	0	
548	2	0	0	0	
549	2	0	0	0	
550	2	0	0	0	
551	2	0	0	0	
552	2	0	0	0	
553	2	0	0	0	
554	2	0	0	0	
555	2	0	0	0	
556	1	0	0	0	
557	1	0	0	0	
558	1	0	0	0	
559	1	0	0	0	
560	1	0	0	0	
561	1	0	0	0	
562	1	0	0	0	
563	1	0	0	0	
564	1	0	0	0	
565	1	0	0	0	
566	1	0	0	0	
567	1	0	0	0	
