offset	total	subst	del	ins
0	453168	0	0	0	
1	453168	0	0	0	
2	453168	0	0	0	
3	453168	0	0	0	
4	453168	328	0	0	
5	453168	320	0	0	
6	453168	327	1	0	
7	453168	389	2	0	
8	453168	449	1376	2331	
9	453168	437	1399	2364	
10	453168	420	1326	2278	
11	453168	429	1369	2234	
12	453168	391	1398	2291	
13	453168	375	1366	2143	
14	453168	331	1203	1767	
15	453168	363	1061	1547	
16	453168	370	1163	1747	
17	453168	428	1293	2176	
18	453168	434	1330	2224	
19	453168	450	1331	2212	
20	453168	467	1308	2182	
21	453168	472	1364	2365	
22	453168	449	1426	2312	
23	453168	480	1323	2176	
24	453168	479	1344	2285	
25	453168	469	1377	2157	
26	453168	468	1318	2202	
27	453168	472	1370	2141	
28	453168	484	1327	2118	
29	453168	469	1366	2053	
30	453106	451	1324	2020	
31	453035	428	1285	1988	
32	452959	461	1265	2041	
33	452868	387	1315	1911	
34	452771	449	1281	1958	
35	452686	415	1235	1899	
36	452593	431	1249	1873	
37	452495	444	1227	1799	
38	452405	422	1250	1832	
39	452284	412	1223	1784	
40	452133	356	1270	1775	
41	451986	395	1216	1741	
42	451843	407	1296	1678	
43	451696	398	1233	1775	
44	451543	443	1205	1703	
45	451380	422	1277	1661	
46	451196	384	1194	1571	
47	451038	342	1139	1603	
48	450843	355	1198	1522	
49	450646	405	1086	1559	
50	450460	397	1171	1614	
51	450242	371	1110	1518	
52	450030	382	1180	1520	
53	449838	372	1176	1617	
54	449606	396	1058	1505	
55	449365	358	1079	1445	
56	449137	354	1085	1468	
57	448936	341	1064	1376	
58	448715	344	1130	1462	
59	448496	341	1089	1351	
60	448267	364	1068	1330	
61	448056	374	1113	1392	
62	447791	333	1032	1357	
63	447555	384	1070	1392	
64	447329	327	1030	1431	
65	447081	346	1009	1344	
66	446833	339	1000	1379	
67	446573	368	979	1370	
68	446313	312	962	1319	
69	446062	320	1047	1323	
70	445808	338	1055	1320	
71	445535	324	998	1336	
72	445293	349	961	1333	
73	445040	300	972	1250	
74	444766	350	972	1259	
75	444507	320	979	1263	
76	444230	331	920	1197	
77	443985	301	947	1256	
78	443702	342	924	1189	
79	443441	318	1035	1239	
80	443128	306	956	1213	
81	442832	312	919	1177	
82	442568	344	917	1185	
83	442287	283	938	1133	
84	442006	317	885	1230	
85	441688	275	990	1157	
86	441400	275	892	1202	
87	441086	309	885	1203	
88	440766	284	881	1165	
89	440473	283	867	1153	
90	440172	320	833	1097	
91	439847	302	938	1190	
92	439580	313	939	1163	
93	439293	293	854	1179	
94	439011	299	930	1091	
95	438702	326	882	1185	
96	438357	300	861	1172	
97	438047	265	894	1136	
98	437739	273	826	1102	
99	437422	274	897	1103	
100	437074	289	851	1127	
101	436717	301	827	1183	
102	436398	299	837	1057	
103	436056	308	863	1118	
104	435704	273	857	1110	
105	435353	258	795	1141	
106	435020	288	796	1093	
107	434684	257	827	1061	
108	434314	300	844	1024	
109	433981	280	830	1076	
110	433636	294	789	1052	
111	433287	274	750	1070	
112	432932	258	841	1095	
113	432583	280	816	1075	
114	432235	274	818	1105	
115	431892	266	795	1051	
116	431520	262	808	1089	
117	431150	269	821	1001	
118	430770	263	811	1052	
119	430362	295	795	1054	
120	429985	270	838	1053	
121	429609	251	798	1064	
122	429221	250	798	997	
123	428839	269	792	1029	
124	428478	283	772	994	
125	428051	279	821	1039	
126	427638	274	763	1029	
127	427250	238	803	1053	
128	426877	274	749	1027	
129	426469	271	798	1008	
130	426047	231	806	1037	
131	425657	253	768	1024	
132	425229	271	776	992	
133	424805	276	753	999	
134	424425	297	807	975	
135	424008	277	810	969	
136	423550	264	801	1029	
137	423167	255	824	956	
138	422722	253	788	962	
139	422298	270	787	1001	
140	421871	260	816	1040	
141	421427	250	828	1004	
142	421000	247	756	965	
143	420574	245	795	960	
144	420111	242	761	960	
145	419674	284	780	909	
146	419211	251	763	943	
147	418740	242	777	871	
148	418294	252	786	923	
149	417867	255	779	912	
150	417394	261	744	963	
151	416934	234	768	937	
152	416471	238	760	925	
153	416027	276	765	895	
154	415521	260	780	956	
155	415048	246	736	929	
156	414593	241	788	920	
157	414114	309	781	913	
158	413678	231	808	919	
159	413198	299	736	923	
160	412739	261	765	897	
161	412262	259	748	905	
162	411764	292	764	864	
163	411291	262	742	877	
164	410794	249	734	897	
165	410335	211	765	885	
166	409861	269	756	848	
167	409394	222	759	897	
168	408880	250	735	858	
169	408355	251	770	879	
170	407876	235	809	933	
171	407376	253	734	857	
172	406880	256	777	841	
173	406359	231	766	864	
174	405862	254	757	832	
175	405357	222	770	867	
176	404871	229	799	903	
177	404382	274	776	819	
178	403894	254	764	818	
179	403411	234	755	862	
180	402892	228	793	786	
181	402345	260	779	800	
182	401816	226	808	840	
183	401284	236	747	778	
184	400755	250	792	871	
185	400294	213	762	780	
186	399782	255	730	804	
187	399245	247	725	801	
188	398712	227	790	818	
189	398213	227	780	827	
190	397691	225	760	814	
191	397164	234	777	860	
192	396649	227	745	854	
193	396099	232	750	770	
194	395580	218	772	848	
195	395019	247	704	783	
196	394475	237	746	761	
197	393929	236	728	820	
198	393362	253	745	773	
199	392806	220	742	805	
200	392237	236	752	834	
201	391657	235	747	795	
202	391059	257	773	778	
203	390468	262	713	789	
204	389894	210	768	793	
205	389320	217	753	800	
206	388741	252	753	743	
207	388204	246	715	825	
208	387637	238	696	796	
209	387028	233	775	824	
210	386431	219	707	741	
211	385873	232	753	803	
212	385268	222	774	817	
213	384707	250	708	788	
214	384148	261	780	807	
215	383532	222	742	750	
216	382978	243	726	763	
217	382369	221	767	860	
218	381801	220	749	739	
219	381169	238	790	755	
220	380557	209	726	788	
221	379930	218	777	728	
222	379316	200	770	796	
223	378730	193	791	816	
224	378139	230	748	768	
225	377518	243	722	770	
226	376918	232	760	782	
227	376326	229	750	798	
228	375751	237	739	769	
229	375096	218	769	809	
230	374449	242	769	741	
231	373766	276	821	817	
232	373126	234	798	796	
233	372551	253	769	786	
234	371877	264	771	835	
235	371245	251	803	776	
236	370584	176	724	767	
237	369921	241	809	787	
238	369302	194	775	763	
239	368641	250	772	776	
240	367978	235	784	804	
241	367299	219	810	824	
242	366619	244	801	805	
243	365951	222	722	804	
244	365299	231	739	804	
245	364584	241	708	852	
246	363897	224	782	850	
247	363221	263	767	827	
248	362546	234	773	769	
249	361836	207	739	842	
250	361139	205	790	774	
251	360448	215	749	791	
252	359734	201	700	857	
253	359050	187	663	821	
254	358359	239	732	787	
255	357668	195	714	816	
256	356964	207	714	802	
257	356272	212	700	883	
258	355558	220	679	821	
259	354787	228	665	863	
260	354093	224	692	817	
261	353427	216	670	833	
262	352733	257	666	861	
263	352023	229	644	846	
264	351297	228	654	839	
265	350543	233	608	837	
266	349802	187	608	855	
267	349119	200	670	874	
268	348420	211	648	866	
269	347684	206	640	871	
270	346970	205	659	916	
271	346259	222	675	836	
272	345505	202	636	814	
273	344781	225	680	833	
274	344011	232	652	870	
275	343302	241	616	842	
276	342547	193	593	818	
277	341879	201	618	862	
278	341176	215	636	822	
279	340433	201	639	830	
280	339697	234	643	835	
281	338990	234	651	834	
282	338267	187	617	825	
283	337525	222	592	836	
284	336819	215	638	821	
285	336098	221	639	820	
286	335362	217	630	765	
287	334598	219	682	869	
288	333845	205	621	837	
289	333101	227	623	813	
290	332325	210	639	834	
291	331517	220	631	846	
292	330763	188	652	810	
293	330038	222	647	771	
294	329272	202	634	796	
295	328515	227	637	807	
296	327753	226	605	823	
297	326937	218	681	783	
298	326122	225	635	801	
299	325366	220	665	807	
300	324613	240	639	867	
301	323792	219	614	847	
302	322968	189	572	830	
303	322120	236	650	787	
304	321316	194	659	842	
305	320501	213	651	787	
306	319695	229	637	874	
307	318864	223	619	768	
308	318074	223	639	753	
309	317236	209	619	758	
310	316383	240	694	824	
311	315528	213	650	803	
312	314687	212	666	849	
313	313832	230	635	835	
314	312941	238	662	829	
315	312080	203	682	757	
316	311232	218	655	811	
317	310373	220	651	802	
318	309537	204	645	824	
319	308655	193	694	840	
320	307777	208	665	775	
321	306850	206	649	824	
322	305957	231	651	769	
323	305084	242	640	858	
324	304201	197	644	770	
325	303256	214	644	844	
326	302346	200	643	831	
327	301377	196	704	818	
328	300438	193	651	778	
329	299540	203	662	808	
330	298624	196	670	775	
331	297685	240	662	876	
332	296735	203	673	798	
333	295720	203	629	806	
334	294727	184	627	807	
335	293750	184	663	805	
336	292718	237	636	781	
337	291757	217	638	819	
338	290754	210	677	858	
339	289696	211	643	817	
340	288688	225	669	800	
341	287685	193	662	802	
342	286584	221	706	835	
343	285494	221	629	806	
344	284453	215	621	785	
345	283398	196	617	831	
346	282286	230	663	826	
347	281168	217	649	793	
348	280084	217	615	822	
349	278967	207	615	812	
350	277829	222	675	820	
351	276677	220	651	828	
352	275467	225	684	825	
353	274310	238	616	820	
354	273174	205	651	838	
355	272025	212	630	802	
356	270764	222	641	792	
357	269510	191	622	831	
358	268167	177	611	812	
359	266819	190	579	844	
360	265463	198	668	767	
361	263979	201	642	885	
362	262565	207	588	810	
363	261076	199	593	810	
364	259532	203	612	795	
365	257975	181	590	775	
366	256309	211	596	857	
367	254612	213	593	818	
368	252762	218	576	778	
369	250812	191	544	795	
370	248837	185	557	756	
371	246715	192	578	757	
372	244486	170	554	738	
373	242189	202	543	714	
374	239711	172	535	707	
375	237093	178	529	687	
376	234216	150	495	687	
377	231192	136	469	698	
378	227960	156	491	688	
379	224588	170	451	667	
380	220954	142	460	643	
381	217162	148	443	565	
382	213034	136	432	616	
383	208789	150	425	597	
384	204342	163	392	523	
385	199695	132	401	579	
386	194674	138	366	541	
387	189527	136	355	503	
388	184205	127	331	486	
389	178653	112	325	436	
390	173096	104	312	441	
391	167448	103	280	440	
392	161569	106	281	416	
393	155814	113	253	408	
394	150078	101	274	378	
395	144269	73	237	311	
396	138413	82	215	335	
397	132544	78	225	343	
398	126759	86	206	287	
399	121027	61	203	266	
400	115273	81	191	276	
401	109707	60	172	224	
402	104254	59	143	240	
403	98833	61	153	200	
404	93643	48	135	206	
405	88532	53	127	220	
406	83501	56	120	180	
407	78559	43	101	167	
408	73736	42	110	165	
409	69138	38	89	161	
410	64789	33	77	140	
411	60502	26	70	123	
412	56442	20	61	111	
413	52407	22	58	107	
414	48568	21	42	89	
415	44709	22	46	77	
416	41127	18	34	67	
417	37705	11	30	69	
418	34278	7	36	67	
419	31169	13	25	50	
420	28143	11	18	33	
421	25301	12	22	46	
422	22654	11	20	28	
423	20161	5	13	30	
424	17851	6	11	23	
425	15693	4	9	15	
426	13753	5	6	15	
427	11914	5	3	18	
428	10285	1	4	11	
429	8822	2	6	5	
430	7492	2	6	5	
431	6355	1	4	2	
432	5349	1	0	0	
433	4485	2	1	1	
434	3687	1	1	3	
435	3045	2	1	2	
436	2493	0	0	2	
437	2033	0	1	1	
438	1694	0	0	1	
439	1395	0	0	2	
440	1152	0	1	0	
441	956	1	0	1	
442	767	0	0	0	
443	631	0	0	0	
444	542	0	1	0	
445	448	0	0	0	
446	391	0	0	1	
447	339	0	0	0	
448	296	0	0	0	
449	261	0	0	0	
450	226	0	0	0	
451	203	0	0	1	
452	183	0	0	1	
453	173	0	0	1	
454	163	0	0	1	
455	154	0	0	0	
456	148	0	0	0	
457	140	0	0	0	
458	133	0	0	0	
459	127	0	0	0	
460	118	0	0	0	
461	110	0	1	1	
462	107	0	0	0	
463	102	0	0	0	
464	97	0	0	0	
465	91	0	0	0	
466	87	0	0	0	
467	84	0	0	0	
468	81	0	0	0	
469	77	0	0	0	
470	73	0	0	0	
471	66	0	0	0	
472	61	0	0	0	
473	60	0	0	0	
474	57	0	0	0	
475	54	0	0	0	
476	52	0	0	0	
477	51	0	0	0	
478	47	0	0	0	
479	46	0	0	0	
480	45	0	0	0	
481	45	0	0	0	
482	42	0	0	0	
483	39	0	0	0	
484	37	0	0	0	
485	37	0	0	0	
486	36	0	0	0	
487	34	0	0	0	
488	32	0	0	0	
489	32	0	0	0	
490	32	0	0	0	
491	31	0	0	0	
492	30	0	0	0	
493	28	0	0	0	
494	27	0	0	0	
495	25	0	0	0	
496	24	0	0	0	
497	23	0	0	0	
498	23	0	0	0	
499	23	0	0	0	
500	23	0	0	0	
501	22	0	0	0	
502	22	0	0	0	
503	21	0	0	0	
504	18	0	0	0	
505	18	0	0	0	
506	18	0	0	0	
507	17	0	0	0	
508	16	0	0	0	
509	16	0	0	0	
510	15	0	0	0	
511	15	0	0	0	
512	15	0	0	0	
513	15	0	0	0	
514	15	0	0	0	
515	14	0	0	0	
516	14	0	0	0	
517	12	0	0	0	
518	11	0	0	0	
519	11	0	0	0	
520	11	0	0	0	
521	11	0	0	0	
522	10	0	0	0	
523	10	0	0	0	
524	10	0	0	0	
525	10	0	0	0	
526	10	0	0	0	
527	10	0	0	0	
528	9	0	0	0	
529	9	0	0	0	
530	9	0	0	0	
531	8	0	0	0	
532	8	0	0	0	
533	7	0	0	0	
534	5	0	0	0	
535	5	0	0	0	
536	5	0	0	0	
537	5	0	0	0	
538	4	0	0	0	
539	4	0	0	0	
540	4	0	0	0	
541	4	0	0	0	
542	4	0	0	0	
543	4	0	0	0	
544	4	0	0	0	
545	4	0	0	0	
546	4	0	0	0	
547	4	0	0	0	
548	4	0	0	0	
549	4	0	0	0	
550	4	0	0	0	
551	4	0	0	0	
552	4	0	0	0	
553	4	0	0	0	
554	4	0	0	0	
555	3	0	0	0	
556	3	0	0	0	
557	3	0	0	0	
558	3	0	0	0	
559	3	0	0	0	
560	3	0	0	0	
561	3	0	0	0	
562	3	0	0	0	
563	3	0	0	0	
564	3	0	0	0	
565	3	0	0	0	
566	3	0	0	0	
567	3	0	0	0	
568	3	0	0	0	
569	3	0	0	0	
570	2	0	0	0	
571	2	0	0	0	
572	2	0	0	0	
573	2	0	0	0	
574	2	0	0	0	
575	2	0	0	0	
576	2	0	0	0	
577	2	0	0	0	
578	2	0	0	0	
579	2	0	0	0	
580	2	0	0	0	
581	2	0	0	0	
582	2	0	0	0	
583	2	0	0	0	
584	2	0	0	0	
585	2	0	0	0	
586	2	0	0	0	
587	2	0	0	0	
588	2	0	0	0	
589	2	0	0	0	
590	2	0	0	0	
591	2	0	0	0	
592	2	0	0	0	
593	2	0	0	0	
594	2	0	0	0	
595	2	0	0	0	
596	2	0	0	0	
597	2	0	0	0	
598	2	0	0	0	
599	2	0	0	0	
600	2	0	0	0	
601	2	0	0	0	
602	2	0	0	0	
603	2	0	0	0	
604	2	0	0	0	
605	2	0	0	0	
606	2	0	0	0	
607	2	0	0	0	
608	2	0	0	0	
609	2	0	0	0	
610	2	0	0	0	
611	2	0	0	0	
612	2	0	0	0	
613	2	0	0	0	
614	2	0	0	0	
615	2	0	0	0	
616	2	0	0	0	
617	2	0	0	0	
618	2	0	0	0	
619	2	0	0	0	
620	2	0	0	0	
621	2	0	0	0	
622	2	0	0	0	
623	2	0	0	0	
624	2	0	0	0	
625	2	0	0	0	
626	2	0	0	0	
627	2	0	0	0	
628	2	0	0	0	
629	2	0	0	0	
630	2	0	0	0	
631	2	0	0	0	
632	1	0	0	0	
633	1	0	0	0	
634	1	0	0	0	
