# intensity: signal intensity value for overcalled homopolymer
# count: number of overcalls with this intensity value
intensity	count
51	167399
52	205900
53	61343
54	104145
55	64080
56	63106
57	62223
58	61426
59	64313
60	56972
61	56191
62	51145
63	64625
64	44501
65	41747
66	39145
67	41102
68	33487
69	31008
70	28799
71	26300
72	24364
73	22843
74	21098
75	18661
76	23363
77	16551
78	15087
79	14272
80	13435
81	12211
82	11195
83	10451
84	9538
85	8973
86	8491
87	7842
88	9306
89	6675
90	6399
91	6079
92	6334
93	5446
94	5336
95	5297
96	5048
97	4614
98	4207
99	3836
100	3830
101	3229
102	3143
103	2940
104	2674
105	2520
106	2267
107	2114
108	2059
109	1908
110	1759
111	1602
112	1911
113	1422
114	1368
115	1177
116	1172
117	1118
118	1009
119	955
120	884
121	775
122	799
123	708
124	578
125	763
126	587
127	481
128	493
129	450
130	460
131	386
132	369
133	390
134	293
135	312
136	240
137	307
138	199
139	185
140	186
141	219
142	206
143	339
144	236
145	239
146	164
147	90
148	73
149	82
151	90143
152	91052
153	84793
154	112481
155	86126
156	99335
157	66180
158	56267
159	51795
160	47612
161	43524
162	39966
163	37133
164	33623
165	30693
166	27977
167	23309
168	23563
169	21302
170	19128
171	17784
172	16355
173	15290
174	13966
175	10645
176	12721
177	11044
178	10520
179	9193
180	8508
181	8030
182	7276
183	6758
184	6192
185	5832
186	5368
187	5040
188	4543
189	4288
190	3918
191	3872
192	3585
193	3452
194	3149
195	2948
196	2652
197	2524
198	2254
199	2207
200	1911
201	1839
202	1572
203	1540
204	1450
205	1318
206	1200
207	1084
208	1058
209	920
210	873
211	850
212	799
213	737
214	642
215	603
216	546
217	519
218	492
219	439
220	429
221	361
222	349
223	330
224	244
225	298
226	236
227	263
228	232
229	216
230	184
231	163
232	174
233	133
234	155
235	130
236	119
237	112
238	92
239	91
240	88
241	95
242	104
243	156
244	116
245	87
246	80
247	71
248	72
249	86
251	70617
252	59318
253	57626
254	49805
255	70990
256	49596
257	43197
258	29081
259	25165
260	23426
261	22431
262	19811
263	18507
264	16466
265	15222
266	14137
267	12650
268	11515
269	10650
270	9717
271	8989
272	8318
273	7510
274	7032
275	5901
276	6187
277	5366
278	5004
279	4668
280	4554
281	3854
282	3573
283	3354
284	3134
285	2940
286	2694
287	2485
288	2295
289	2082
290	2035
291	1856
292	1621
293	1583
294	1341
295	1309
296	1201
297	1121
298	1030
299	954
300	995
301	770
302	708
303	631
304	599
305	563
306	516
307	438
308	388
309	366
310	331
311	315
312	296
313	283
314	202
315	238
316	206
317	194
318	152
319	169
320	129
321	134
322	117
323	108
324	85
325	86
326	73
327	84
328	70
329	71
330	57
331	49
332	53
333	46
334	47
335	38
336	41
337	26
338	24
339	46
340	26
341	34
342	29
343	32
344	35
345	32
346	27
347	5
348	23
349	39
351	26032
352	41513
353	26553
354	35473
355	21503
356	26817
357	23793
358	16915
359	21028
360	14590
361	13733
362	11512
363	10854
364	9918
365	9160
366	8645
367	8788
368	7505
369	7367
370	6335
371	5962
372	5509
373	5114
374	4733
375	4107
376	4521
377	3787
378	3695
379	3322
380	3268
381	2932
382	2894
383	2535
384	2490
385	2221
386	2231
387	1889
388	1805
389	1737
390	1621
391	1488
392	1561
393	1297
394	1140
395	1061
396	992
397	941
398	885
399	788
400	1020
401	637
402	585
403	556
404	501
405	457
406	424
407	357
408	366
409	317
410	283
411	224
412	239
413	208
414	205
415	186
416	174
417	134
418	159
419	139
420	145
421	109
422	98
423	87
424	82
425	82
426	72
427	66
428	65
429	50
430	54
431	44
432	43
433	48
434	35
435	49
436	25
437	40
438	32
439	27
440	33
441	25
442	23
443	27
444	23
445	47
446	13
447	40
448	9
449	31
451	13613
452	18558
453	12760
454	15697
455	16946
456	12536
457	11454
458	11030
459	9694
460	8643
461	7646
462	7677
463	6502
464	6004
465	5791
466	5585
467	5804
468	4481
469	5045
470	4415
471	3913
472	4076
473	3458
474	3211
475	2936
476	3437
477	2865
478	2835
479	2473
480	2431
481	2157
482	2300
483	2131
484	1731
485	1843
486	1746
487	1387
488	1479
489	1520
490	1321
491	1160
492	1226
493	890
494	992
495	851
496	842
497	809
498	635
499	646
500	796
501	471
502	415
503	435
504	422
505	322
506	343
507	262
508	299
509	246
510	224
511	254
512	193
513	177
514	165
515	156
516	113
517	116
518	130
519	91
520	100
521	82
522	82
523	87
524	56
525	129
526	50
527	65
528	51
529	48
530	39
531	56
532	46
533	55
534	73
535	18
536	44
537	23
538	34
539	26
540	41
541	24
542	19
543	16
544	27
545	30
546	14
547	16
548	16
549	17
551	4710
552	6100
553	4947
554	6799
555	6552
556	4813
557	4356
558	4007
559	3970
560	5177
561	3366
562	4018
563	3464
564	3416
565	3682
566	3490
567	2536
568	2473
569	2533
570	2555
571	2977
572	2356
573	2135
574	1782
575	1721
576	2021
577	2124
578	1562
579	1701
580	1377
581	1381
582	1315
583	1531
584	1111
585	1447
586	949
587	828
588	1064
589	768
590	794
591	748
592	674
593	505
594	609
595	548
596	504
597	502
598	392
599	323
600	450
601	292
602	254
603	297
604	260
605	225
606	217
607	148
608	174
609	183
610	124
611	123
612	140
613	163
614	95
615	145
616	78
617	91
618	85
619	79
620	62
621	124
622	42
623	51
624	60
625	50
626	37
627	54
628	44
629	65
630	41
631	31
632	31
633	28
634	30
635	32
636	31
637	26
638	33
639	28
640	41
641	32
642	21
643	14
644	30
645	31
646	34
647	20
648	20
649	30
651	2092
652	1801
653	1573
654	1733
655	1381
656	1581
657	1582
658	1472
659	1542
660	1624
661	1525
662	1340
663	1083
664	1420
665	1293
666	1192
667	974
668	1039
669	1112
670	1076
671	1013
672	1123
673	941
674	863
675	803
676	941
677	831
678	786
679	763
680	561
681	775
682	647
683	599
684	637
685	492
686	658
687	460
688	412
689	517
690	456
691	465
692	364
693	304
694	325
695	321
696	279
697	285
698	242
699	294
700	162
701	270
702	226
703	231
704	167
705	194
706	146
707	132
708	148
709	172
710	146
711	137
712	97
713	117
714	120
715	92
716	124
717	88
718	102
719	78
720	57
721	92
722	64
723	146
724	47
725	74
726	37
727	52
728	50
729	114
730	37
731	50
732	52
733	36
734	80
735	34
736	54
737	17
738	30
739	25
740	28
741	31
742	25
743	26
744	36
745	24
746	21
747	24
748	19
749	39
751	51
752	30
753	22
754	16
755	93
756	102
757	176
758	172
759	250
760	251
761	252
762	325
763	437
764	421
765	503
766	485
767	639
768	587
769	587
770	586
771	741
772	701
773	709
774	681
775	668
776	632
777	668
778	694
779	651
780	716
781	643
782	658
783	601
784	602
785	551
786	598
787	546
788	518
789	484
790	522
791	472
792	503
793	486
794	454
795	480
796	445
797	458
798	480
799	448
800	642
801	357
802	373
803	303
804	291
805	262
806	266
807	245
808	229
809	224
810	219
811	213
812	185
813	186
814	188
815	150
816	170
817	138
818	162
819	118
820	130
821	134
822	126
823	121
824	91
825	92
826	95
827	72
828	67
829	76
830	76
831	51
832	59
833	67
834	59
835	61
836	63
837	57
838	53
839	50
840	44
841	28
842	42
843	31
844	33
845	28
846	35
847	26
848	28
849	215
851	299
852	123
853	157
854	151
855	173
856	175
857	199
858	175
859	190
860	178
861	199
862	191
863	199
864	186
865	185
866	191
867	167
868	177
869	193
870	180
871	178
872	143
873	158
874	143
875	144
876	154
877	188
878	161
879	173
880	158
881	159
882	167
883	135
884	155
885	169
886	154
887	144
888	141
889	134
890	144
891	155
892	150
893	137
894	118
895	121
896	149
897	112
898	120
899	146
900	197
901	103
902	96
903	94
904	103
905	85
906	88
907	82
908	68
909	60
910	56
911	62
912	65
913	59
914	59
915	49
916	48
917	52
918	50
919	40
920	46
921	35
922	49
923	49
924	36
925	31
926	20
927	34
928	21
929	31
930	26
931	18
932	22
933	16
934	20
935	21
936	16
937	14
938	20
939	14
940	24
941	21
942	12
943	6
944	17
945	19
946	8
947	11
948	9
949	97
951	32
952	15
953	15
954	16
955	24
956	24
957	15
958	17
959	14
960	19
961	23
962	18
963	20
964	18
965	20
966	15
967	20
968	17
969	17
970	22
971	15
972	13
973	16
974	11
975	8
976	15
977	17
978	20
979	21
980	21
981	14
982	15
983	22
984	24
985	12
986	18
987	10
988	16
989	19
990	6
991	20
992	14
993	13
994	11
995	17
996	13
997	10
998	12
999	19
1000	26
1001	14
1002	18
1003	4
1004	12
1005	9
1006	10
1007	10
1008	10
1009	11
1010	11
1011	7
1012	10
1013	8
1014	3
1015	10
1016	10
1017	6
1018	3
1019	7
1020	6
1021	10
1022	7
1023	7
1024	1
1025	6
1026	2
1027	1
1028	5
1030	3
1031	2
1032	1
1033	2
1034	2
1035	2
1036	1
1037	3
1038	3
1039	1
1040	1
1041	2
1042	2
1044	2
1045	1
1047	1
1049	17
1051	1
1052	1
1053	1
1056	1
1059	3
1061	2
1062	2
1064	2
1065	1
1066	1
1067	2
1069	1
1070	1
1071	2
1072	3
1073	1
1074	1
1076	2
1077	3
1081	1
1082	1
1083	1
1085	1
1089	2
1090	2
1092	2
1093	1
1095	2
1096	1
1097	1
1099	3
1100	1
1101	1
1106	3
1109	2
1110	1
1112	1
1113	1
1114	1
1115	1
1117	1
1124	1
1132	1
1149	6
