offset	total	subst	del	ins
0	454627	0	0	0	
1	454627	0	0	0	
2	454627	0	0	0	
3	454627	0	0	0	
4	454627	21	0	0	
5	454627	15	0	0	
6	454627	18	1	0	
7	454627	20	2	0	
8	454627	12	179	8	
9	454627	27	152	11	
10	454627	17	155	6	
11	454627	14	186	15	
12	454627	27	123	10	
13	454627	22	131	5	
14	454627	29	130	11	
15	454627	21	111	4	
16	454627	20	95	7	
17	454627	18	103	8	
18	454627	22	99	12	
19	454627	14	91	28	
20	454627	19	136	32	
21	454627	23	116	53	
22	454627	28	137	74	
23	454627	31	123	79	
24	454627	33	161	79	
25	454627	32	136	79	
26	454627	47	146	99	
27	454627	28	156	105	
28	454627	43	159	118	
29	454627	45	145	99	
30	454445	48	165	126	
31	454258	49	139	106	
32	454089	45	154	115	
33	453852	55	159	111	
34	453655	48	156	106	
35	453496	53	146	110	
36	453281	55	150	92	
37	453085	53	164	129	
38	452861	51	144	126	
39	452626	42	155	128	
40	452402	46	146	123	
41	452188	65	133	106	
42	451966	52	171	97	
43	451749	52	153	102	
44	451543	41	162	116	
45	451296	49	154	110	
46	451050	72	166	105	
47	450818	56	129	100	
48	450558	48	143	76	
49	450295	56	130	117	
50	450043	49	158	104	
51	449786	49	163	113	
52	449494	54	138	125	
53	449222	63	135	92	
54	448929	43	132	95	
55	448676	42	150	94	
56	448419	31	153	91	
57	448138	42	140	81	
58	447866	50	123	92	
59	447571	49	132	103	
60	447280	42	137	102	
61	447027	42	146	90	
62	446738	43	122	97	
63	446444	44	118	93	
64	446149	37	122	108	
65	445846	29	154	79	
66	445555	33	129	87	
67	445266	34	154	85	
68	444978	45	144	78	
69	444697	30	126	75	
70	444405	32	133	64	
71	444112	31	134	90	
72	443833	38	128	84	
73	443560	43	137	76	
74	443257	36	126	60	
75	442981	28	101	78	
76	442672	33	134	74	
77	442354	33	140	86	
78	442033	32	121	87	
79	441741	37	122	75	
80	441411	30	112	93	
81	441103	25	99	78	
82	440805	37	131	64	
83	440473	40	113	77	
84	440182	31	100	79	
85	439862	33	115	71	
86	439523	20	128	69	
87	439202	36	127	70	
88	438845	38	123	58	
89	438524	41	128	66	
90	438217	27	116	53	
91	437897	44	125	76	
92	437605	23	134	54	
93	437274	28	110	64	
94	436927	36	105	77	
95	436596	28	137	45	
96	436271	29	135	59	
97	435923	25	119	54	
98	435606	35	136	63	
99	435250	35	128	70	
100	434899	40	135	53	
101	434531	30	122	81	
102	434159	37	121	56	
103	433822	27	121	65	
104	433454	37	95	65	
105	433073	31	125	56	
106	432734	26	125	66	
107	432368	23	123	60	
108	432001	24	98	61	
109	431651	28	114	52	
110	431299	23	110	58	
111	430923	24	93	48	
112	430592	27	130	68	
113	430208	22	105	65	
114	429833	34	106	60	
115	429447	20	104	62	
116	429080	19	103	56	
117	428646	31	123	61	
118	428265	29	114	52	
119	427889	28	104	74	
120	427501	34	111	57	
121	427069	24	109	62	
122	426670	22	109	68	
123	426304	35	115	47	
124	425879	29	118	63	
125	425463	19	117	70	
126	425050	28	96	50	
127	424662	19	114	61	
128	424246	30	122	67	
129	423858	23	122	62	
130	423411	25	123	68	
131	422980	24	83	59	
132	422546	28	104	71	
133	422105	30	107	54	
134	421663	31	120	50	
135	421283	15	113	67	
136	420844	19	99	63	
137	420408	17	119	57	
138	419979	13	121	55	
139	419584	19	92	58	
140	419153	26	120	65	
141	418689	29	108	66	
142	418277	22	112	54	
143	417844	25	127	52	
144	417385	20	97	56	
145	416910	20	105	68	
146	416443	22	113	57	
147	415976	30	112	53	
148	415522	16	99	55	
149	415059	22	100	58	
150	414586	25	100	54	
151	414104	36	104	59	
152	413621	18	108	59	
153	413143	24	117	59	
154	412674	24	128	50	
155	412178	32	118	54	
156	411746	22	117	58	
157	411291	22	112	66	
158	410859	29	128	54	
159	410378	31	119	47	
160	409843	27	112	56	
161	409380	22	114	49	
162	408905	25	105	47	
163	408447	28	114	58	
164	407941	23	94	56	
165	407453	24	90	46	
166	407014	41	119	50	
167	406478	28	111	50	
168	405981	22	110	56	
169	405497	22	113	64	
170	405011	27	105	46	
171	404481	36	108	53	
172	403968	25	102	59	
173	403472	22	85	52	
174	402983	28	106	46	
175	402492	24	97	53	
176	402009	33	98	58	
177	401482	19	115	49	
178	400979	21	113	55	
179	400461	32	121	52	
180	399925	15	98	51	
181	399409	20	100	53	
182	398899	25	97	56	
183	398355	23	108	70	
184	397858	23	114	49	
185	397306	18	90	52	
186	396809	19	111	46	
187	396293	27	113	54	
188	395746	16	114	55	
189	395208	17	107	63	
190	394708	22	104	52	
191	394180	25	124	51	
192	393635	21	124	58	
193	393085	26	104	51	
194	392524	18	113	56	
195	392011	28	99	57	
196	391452	28	118	46	
197	390886	22	103	56	
198	390338	27	113	52	
199	389746	30	88	56	
200	389171	24	104	43	
201	388577	20	114	39	
202	387977	15	100	48	
203	387414	21	99	53	
204	386835	27	107	45	
205	386273	24	108	50	
206	385724	22	108	43	
207	385175	20	93	57	
208	384631	17	116	44	
209	384035	20	119	57	
210	383475	13	96	47	
211	382894	19	96	36	
212	382294	22	113	42	
213	381725	14	100	32	
214	381145	17	93	47	
215	380574	33	116	43	
216	380013	20	118	45	
217	379406	20	102	45	
218	378805	23	125	54	
219	378227	23	97	50	
220	377602	20	103	60	
221	376988	22	119	45	
222	376368	16	111	46	
223	375752	18	106	52	
224	375148	24	96	54	
225	374548	23	90	44	
226	373918	18	86	45	
227	373302	19	108	61	
228	372715	22	93	50	
229	372069	24	106	53	
230	371480	20	95	55	
231	370819	15	94	56	
232	370164	29	100	48	
233	369557	18	92	59	
234	368903	24	102	36	
235	368245	33	103	53	
236	367578	27	92	43	
237	366941	20	107	45	
238	366305	27	98	59	
239	365654	24	100	51	
240	364988	27	106	40	
241	364318	23	97	45	
242	363666	26	94	56	
243	363001	19	122	53	
244	362313	25	95	45	
245	361550	27	109	48	
246	360864	27	84	51	
247	360155	16	111	43	
248	359473	30	95	44	
249	358772	16	94	51	
250	358070	18	85	45	
251	357374	31	117	53	
252	356706	22	78	56	
253	355998	15	114	56	
254	355300	29	101	58	
255	354597	21	80	66	
256	353889	18	86	47	
257	353191	21	93	63	
258	352476	22	103	50	
259	351788	22	99	69	
260	351077	26	93	47	
261	350363	19	86	40	
262	349644	23	100	56	
263	348909	24	105	37	
264	348205	16	99	45	
265	347489	24	93	49	
266	346770	18	72	50	
267	346032	25	110	51	
268	345341	22	101	39	
269	344640	21	95	64	
270	343919	24	73	46	
271	343183	27	95	46	
272	342421	22	109	55	
273	341694	28	98	50	
274	340959	25	79	62	
275	340270	23	89	53	
276	339572	30	87	51	
277	338880	22	91	56	
278	338176	22	92	72	
279	337429	23	78	41	
280	336693	27	84	45	
281	335976	18	88	53	
282	335262	30	93	49	
283	334603	18	94	51	
284	333822	25	87	50	
285	333073	29	79	55	
286	332334	28	81	54	
287	331594	32	103	52	
288	330835	33	106	48	
289	330012	18	81	49	
290	329235	23	102	43	
291	328501	20	100	50	
292	327737	18	114	50	
293	326993	22	87	53	
294	326244	14	94	45	
295	325434	18	77	49	
296	324636	24	101	50	
297	323874	19	110	52	
298	323098	20	97	65	
299	322357	24	92	54	
300	321532	26	79	58	
301	320717	26	89	48	
302	319883	23	68	40	
303	319093	19	79	68	
304	318254	23	86	75	
305	317428	27	95	44	
306	316600	29	84	52	
307	315765	25	77	51	
308	314923	23	85	60	
309	314089	32	94	51	
310	313268	30	102	54	
311	312427	34	87	62	
312	311562	31	88	47	
313	310685	27	90	52	
314	309857	28	65	59	
315	308985	28	81	73	
316	308134	36	103	54	
317	307226	21	92	62	
318	306389	24	95	46	
319	305485	27	89	47	
320	304584	22	88	54	
321	303715	36	84	52	
322	302792	30	89	58	
323	301871	26	93	47	
324	300935	28	81	53	
325	300011	33	81	58	
326	299094	31	74	50	
327	298109	27	67	53	
328	297200	35	91	54	
329	296248	38	85	62	
330	295261	20	83	64	
331	294304	16	86	59	
332	293333	25	96	43	
333	292380	29	82	56	
334	291332	27	61	51	
335	290321	25	95	57	
336	289345	24	97	57	
337	288351	30	62	71	
338	287339	22	84	70	
339	286308	26	87	66	
340	285256	31	80	47	
341	284199	27	80	70	
342	283102	29	99	51	
343	282009	36	102	64	
344	280908	28	80	61	
345	279799	36	57	56	
346	278727	33	92	62	
347	277621	34	82	55	
348	276460	39	74	66	
349	275288	27	76	77	
350	274097	27	84	64	
351	272951	39	95	55	
352	271766	33	90	69	
353	270616	41	69	73	
354	269370	27	73	64	
355	268142	27	83	68	
356	266867	30	80	57	
357	265513	30	80	76	
358	264148	37	93	52	
359	262718	31	78	69	
360	261239	41	86	85	
361	259760	31	69	75	
362	258266	41	78	65	
363	256693	41	72	78	
364	255036	27	73	75	
365	253429	38	55	75	
366	251623	36	75	75	
367	249768	33	83	70	
368	247861	35	94	63	
369	245790	39	80	84	
370	243632	40	69	76	
371	241403	49	67	82	
372	239079	36	67	76	
373	236578	30	64	62	
374	233886	41	66	81	
375	231023	41	85	80	
376	227904	42	61	93	
377	224578	39	69	72	
378	221146	37	64	89	
379	217499	49	59	76	
380	213611	40	60	53	
381	209499	36	61	68	
382	205196	29	68	82	
383	200786	39	45	80	
384	195955	37	57	60	
385	190948	34	37	78	
386	185812	31	34	72	
387	180460	26	51	60	
388	174943	21	51	58	
389	169354	38	27	67	
390	163776	26	40	83	
391	158101	21	37	49	
392	152308	25	36	47	
393	146518	26	41	57	
394	140685	21	22	53	
395	134917	20	31	51	
396	129201	22	27	48	
397	123410	24	24	52	
398	117671	24	20	36	
399	112046	17	25	43	
400	106549	27	26	40	
401	101093	21	18	36	
402	95949	21	25	39	
403	90754	15	21	28	
404	85747	18	12	32	
405	80799	13	18	41	
406	75913	13	16	34	
407	71329	18	20	27	
408	66696	12	16	32	
409	62411	7	7	17	
410	58289	13	7	21	
411	54275	7	10	27	
412	50390	9	7	25	
413	46441	9	10	22	
414	42809	12	6	14	
415	39311	5	6	20	
416	36025	6	4	17	
417	32818	5	5	9	
418	29792	4	10	11	
419	26857	4	3	8	
420	24172	3	3	2	
421	21617	3	6	8	
422	19152	5	2	10	
423	16910	3	1	8	
424	14851	2	1	2	
425	12987	2	2	2	
426	11209	1	3	7	
427	9611	0	1	4	
428	8162	0	1	2	
429	6907	0	1	2	
430	5804	0	1	0	
431	4838	1	0	1	
432	4014	1	1	0	
433	3285	0	0	0	
434	2685	0	1	2	
435	2179	0	0	0	
436	1742	0	0	2	
437	1406	0	0	0	
438	1130	0	0	1	
439	909	0	0	1	
440	732	0	0	0	
441	579	0	0	0	
442	470	0	0	0	
443	395	0	1	0	
444	321	0	0	0	
445	268	0	0	0	
446	223	0	0	0	
447	190	0	0	0	
448	165	0	0	0	
449	151	0	0	0	
450	134	0	0	0	
451	118	0	0	0	
452	103	0	0	0	
453	96	0	0	0	
454	88	0	0	0	
455	87	0	0	0	
456	84	0	0	0	
457	82	0	0	0	
458	75	0	0	0	
459	73	0	0	0	
460	70	0	0	0	
461	70	0	0	0	
462	68	0	0	0	
463	65	0	0	0	
464	62	0	0	0	
465	58	0	0	0	
466	55	0	0	0	
467	54	0	0	0	
468	49	0	0	0	
469	46	0	0	0	
470	46	0	0	0	
471	40	0	0	0	
472	38	0	0	0	
473	38	0	0	0	
474	37	0	0	0	
475	36	0	0	0	
476	34	0	0	0	
477	32	0	0	0	
478	30	0	0	0	
479	29	0	0	0	
480	27	0	0	0	
481	26	0	0	0	
482	24	0	0	0	
483	23	0	0	0	
484	23	0	0	0	
485	23	0	0	0	
486	22	0	0	0	
487	21	0	0	0	
488	21	0	0	0	
489	21	0	0	0	
490	21	0	0	0	
491	20	0	0	0	
492	20	0	0	0	
493	19	0	0	0	
494	18	0	0	0	
495	17	0	0	0	
496	16	0	0	0	
497	16	0	0	0	
498	16	0	0	0	
499	15	0	0	0	
500	15	0	0	0	
501	15	0	0	0	
502	15	0	0	0	
503	14	0	0	0	
504	13	0	0	0	
505	13	0	0	0	
506	13	0	0	0	
507	13	0	0	0	
508	13	0	0	0	
509	13	0	0	0	
510	13	0	0	0	
511	13	0	0	0	
512	12	0	0	0	
513	12	0	0	0	
514	12	0	0	0	
515	11	0	0	0	
516	11	0	0	0	
517	10	0	0	0	
518	9	0	0	0	
519	9	0	0	0	
520	9	0	0	0	
521	8	0	0	0	
522	8	0	0	0	
523	8	0	0	0	
524	7	0	0	0	
525	6	0	0	0	
526	6	0	0	0	
527	6	0	0	0	
528	6	0	0	0	
529	6	0	0	0	
530	6	0	0	0	
531	6	0	0	0	
532	6	0	0	0	
533	6	0	0	0	
534	6	0	0	0	
535	6	0	0	0	
536	6	0	0	0	
537	6	0	0	0	
538	6	0	0	0	
539	5	0	0	0	
540	5	0	0	0	
541	5	0	0	0	
542	5	0	0	0	
543	5	0	0	0	
544	5	0	0	0	
545	5	0	0	0	
546	5	0	0	0	
547	5	0	0	0	
548	5	0	0	0	
549	5	0	0	0	
550	5	0	0	0	
551	5	0	0	0	
552	5	0	0	0	
553	5	0	0	0	
554	5	0	0	0	
555	5	0	0	0	
556	4	0	0	0	
557	3	0	0	0	
558	3	0	0	0	
559	3	0	0	0	
560	3	0	0	0	
561	3	0	0	0	
562	3	0	0	0	
563	3	0	0	0	
564	3	0	0	0	
565	3	0	0	0	
566	3	0	0	0	
567	3	0	0	0	
568	3	0	0	0	
569	2	0	0	0	
570	1	0	0	0	
571	1	0	0	0	
572	1	0	0	0	
573	1	0	0	0	
574	1	0	0	0	
575	1	0	0	0	
576	1	0	0	0	
577	1	0	0	0	
578	1	0	0	0	
579	1	0	0	0	
580	1	0	0	0	
581	1	0	0	0	
582	1	0	0	0	
583	1	0	0	0	
584	1	0	0	0	
585	1	0	0	0	
586	1	0	0	0	
587	1	0	0	0	
588	1	0	0	0	
589	1	0	0	0	
590	1	0	0	0	
591	1	0	0	0	
592	1	0	0	0	
593	1	0	0	0	
594	1	0	0	0	
595	1	0	0	0	
596	1	0	0	0	
597	1	0	0	0	
598	1	0	0	0	
599	1	0	0	0	
600	1	0	0	0	
601	1	0	0	0	
602	1	0	0	0	
603	1	0	0	0	
604	1	0	0	0	
605	1	0	0	0	
606	1	0	0	0	
607	1	0	0	0	
608	1	0	0	0	
609	1	0	0	0	
610	1	0	0	0	
611	1	0	0	0	
612	1	0	0	0	
613	1	0	0	0	
614	1	0	0	0	
615	1	0	0	0	
616	1	0	0	0	
617	1	0	0	0	
618	1	0	0	0	
619	1	0	0	0	
620	1	0	0	0	
621	1	0	0	0	
622	1	0	0	0	
623	1	0	0	0	
624	1	0	0	0	
625	1	0	0	0	
626	1	0	0	0	
627	1	0	0	0	
628	1	0	0	0	
629	1	0	0	0	
630	1	0	0	0	
631	1	0	0	0	
632	1	0	0	0	
633	1	0	0	0	
634	1	0	0	0	
